TIME 0 a vdd vss y I(va v(y
0 0 0 5 0 5 0 5
2.5e-11 0 0 5 0 5 4.2461e-18 5
1.25e-10 0 0 5 0 5 -6.8681e-19 5
3.25e-10 0 0 5 0 5 8.5825e-19 5
5.25e-10 0 0 5 0 5 -3.3451e-19 5
7.25e-10 0 0 5 0 5 1.2242e-18 5
9.25e-10 0 0 5 0 5 -1.1205e-18 5
1e-09 0 0 5 0 5 1.5657e-18 5
1.2e-09 0 1 5 0 4.9445 -0.00025359 4.9445
1.3e-09 0 1.5 5 0 4.7611 -0.00030285 4.7611
1.5e-09 0 2.5 5 0 3.9339 -0.00037135 3.9339
1.7e-09 0 3.5 5 0 1.3278 -0.00025515 1.3278
1.7989e-09 0 3.9944 5 0 0.2202 -0.00048668 0.2202

0 0 0 5 0 5 0 5
2.5e-11 0 0 5 0 5 4.0834e-18 5
1.25e-10 0 0 5 0 5 3.0259e-19 5
3.25e-10 0 0 5 0 5 5.1932e-19 5
5.25e-10 0 0 5 0 5 1.9412e-19 5
7.25e-10 0 0 5 0 5 4.6517e-19 5
9.25e-10 0 0 5 0 5 -9.5782e-19 5
1e-09 0 0 5 0 5 2.542e-18 5
1.2e-09 0 1 5 0 4.9685 -0.00025109 4.9685
1.3e-09 0 1.5 5 0 4.8811 -0.00028319 4.8811
1.5e-09 0 2.5 5 0 4.5403 -0.00031215 4.5403
1.7e-09 0 3.5 5 0 3.6913 -0.00024536 3.6913
1.9e-09 0 4.5 5 0 2.2579 -0.00023116 2.2579
2e-09 0 5 5 0 1.4945 -0.00031505 1.4945
2.1e-09 0 5 5 0 0.99082 -6.0832e-05 0.99082
2.3e-09 0 5 5 0 0.31289 -2.1507e-05 0.31289

0 0 0 5 0 5 0 5
2.5e-11 0 0 5 0 5 3.5955e-18 5
1.25e-10 0 0 5 0 5 3.7033e-19 5
3.25e-10 0 0 5 0 5 6.2776e-19 5
5.25e-10 0 0 5 0 5 3.4325e-19 5
7.25e-10 0 0 5 0 5 5.0577e-19 5
9.25e-10 0 0 5 0 5 9.942e-20 5
1e-09 0 0 5 0 5 -1.4701e-18 5
1.2e-09 0 1 5 0 4.9779 -0.0002501 4.9779
1.3e-09 0 1.5 5 0 4.9201 -0.00027711 4.9201
1.5e-09 0 2.5 5 0 4.6968 -0.00029562 4.6968
1.7e-09 0 3.5 5 0 4.1958 -0.00026763 4.1958
1.9e-09 0 4.5 5 0 3.3349 -0.00013678 3.3349
2e-09 0 5 5 0 2.7898 -0.00031856 2.7898
2.1e-09 0 5 5 0 2.2651 -5.6314e-05 2.2651
2.3e-09 0 5 5 0 1.368 -4.6301e-05 1.368
2.5222e-09 0 5 5 0 0.71583 -2.3995e-05 0.71583
2.7444e-09 0 5 5 0 0.35431 -1.5546e-05 0.35431

0 0 0 5 0 5 0 5
2.5e-11 0 0 5 0 5 3.6498e-18 5
1.25e-10 0 0 5 0 5 -6.1898e-19 5
3.25e-10 0 0 5 0 5 1.5494e-18 5
5.25e-10 0 0 5 0 5 -1.8117e-18 5
7.25e-10 0 0 5 0 5 2.4168e-18 5
9.25e-10 0 0 5 0 5 -2.8959e-18 5
1e-09 0 0 5 0 5 4.1683e-18 5
1.2e-09 0 1 5 0 4.983 -0.00024957 4.983
1.3e-09 0 1.5 5 0 4.9397 -0.0002741 4.9397
1.5e-09 0 2.5 5 0 4.7729 -0.00028741 4.7729
1.7e-09 0 3.5 5 0 4.4137 -0.00027983 4.4137
1.9e-09 0 4.5 5 0 3.8089 -0.0001072 3.8089
2e-09 0 5 5 0 3.4188 -0.00028828 3.4188
2.1e-09 0 5 5 0 3.0083 -3.7839e-05 3.0083
2.3e-09 0 5 5 0 2.2343 -4.2559e-05 2.2343
2.5222e-09 0 5 5 0 1.5177 -3.0949e-05 1.5177
2.7444e-09 0 5 5 0 0.98459 -2.5919e-05 0.98459
2.9667e-09 0 5 5 0 0.61888 -1.3827e-05 0.61888
3.1889e-09 0 5 5 0 0.38115 -1.2171e-05 0.38115

0 0 0 5 0 5 0 5
2.5e-11 0 0 5 0 5 1.8066e-18 5
1.25e-10 0 0 5 0 5 6.8203e-19 5
3.25e-10 0 0 5 0 5 8.4469e-19 5
5.25e-10 0 0 5 0 5 -5.5128e-19 5
7.25e-10 0 0 5 0 5 1.2242e-18 5
9.25e-10 0 0 5 0 5 -1.1205e-18 5
1e-09 0 0 5 0 5 6.9882e-19 5
1.2e-09 0 1 5 0 4.9862 -0.00024923 4.9862
1.3e-09 0 1.5 5 0 4.9516 -0.00027231 4.9516
1.5e-09 0 2.5 5 0 4.8182 -0.00028247 4.8182
1.7e-09 0 3.5 5 0 4.5378 -0.00028542 4.5378
1.9e-09 0 4.5 5 0 4.0718 -9.713e-05 4.0718
2e-09 0 5 5 0 3.7705 -0.00026926 3.7705
2.1e-09 0 5 5 0 3.449 -2.5731e-05 3.449
2.3e-09 0 5 5 0 2.818 -3.2737e-05 2.818
2.5222e-09 0 5 5 0 2.169 -2.9315e-05 2.169
2.7444e-09 0 5 5 0 1.6127 -2.7662e-05 1.6127
2.9667e-09 0 5 5 0 1.1663 -1.966e-05 1.1663
3.1889e-09 0 5 5 0 0.82614 -1.7015e-05 0.82614
3.4111e-09 0 5 5 0 0.57647 -1.0183e-05 0.57647
3.6333e-09 0 5 5 0 0.39803 -9.3346e-06 0.39803

0 0 0 5 0 5 0 5
2.5e-11 0 0 5 0 5 4.0834e-18 5
1.25e-10 0 0 5 0 5 3.0259e-19 5
3.25e-10 0 0 5 0 5 7.4971e-19 5
5.25e-10 0 0 5 0 5 -5.2407e-19 5
7.25e-10 0 0 5 0 5 1.0208e-18 5
9.25e-10 0 0 5 0 5 -8.8998e-19 5
1e-09 0 0 5 0 5 1.132e-18 5
1.2e-09 0 1 5 0 4.9884 -0.00024901 4.9884
1.3e-09 0 1.5 5 0 4.9595 -0.00027111 4.9595
1.5e-09 0 2.5 5 0 4.8484 -0.00027915 4.8484
1.7e-09 0 3.5 5 0 4.6178 -0.00028507 4.6178
1.9e-09 0 4.5 5 0 4.2387 -9.9021e-05 4.2387
2e-09 0 5 5 0 3.9935 -0.00025381 3.9935
2.1e-09 0 5 5 0 3.731 -1.8518e-05 3.731
2.3e-09 0 5 5 0 3.2094 -2.4707e-05 3.2094
2.5222e-09 0 5 5 0 2.6484 -2.4713e-05 2.6484
2.7444e-09 0 5 5 0 2.1303 -2.5589e-05 2.1303
2.9667e-09 0 5 5 0 1.6752 -2.0975e-05 1.6752
3.1889e-09 0 5 5 0 1.2934 -1.9272e-05 1.2934
3.4111e-09 0 5 5 0 0.98397 -1.392e-05 0.98397
3.6333e-09 0 5 5 0 0.74008 -1.2492e-05 0.74008
3.8556e-09 0 5 5 0 0.55163 -8.0344e-06 0.55163
4.0778e-09 0 5 5 0 0.40856 -7.6005e-06 0.40856

0 0 0 5 0 5 0 5
2.5e-11 0 0 5 0 5 4.0292e-18 5
1.25e-10 0 0 5 0 5 4.5068e-20 5
3.25e-10 0 0 5 0 5 4.7868e-19 5
5.25e-10 0 0 5 0 5 -4.9706e-19 5
7.25e-10 0 0 5 0 5 1.3461e-18 5
9.25e-10 0 0 5 0 5 -9.3074e-19 5
1e-09 0 0 5 0 5 2.4328e-18 5
1.2e-09 0 1 5 0 4.99 -0.00024884 4.99
1.3e-09 0 1.5 5 0 4.9652 -0.00027026 4.9652
1.5e-09 0 2.5 5 0 4.87 -0.00027677 4.87
1.7e-09 0 3.5 5 0 4.6739 -0.00028353 4.6739
1.9e-09 0 4.5 5 0 4.3542 -0.00010319 4.3542
2e-09 0 5 5 0 4.1475 -0.00024296 4.1475
2.1e-09 0 5 5 0 3.9259 -1.3923e-05 3.9259
2.3e-09 0 5 5 0 3.4846 -1.9111e-05 3.4846
2.5222e-09 0 5 5 0 3.0011 -1.9969e-05 3.0011
2.7444e-09 0 5 5 0 2.5363 -2.2446e-05 2.5363
2.9667e-09 0 5 5 0 2.1057 -1.9758e-05 2.1057
3.1889e-09 0 5 5 0 1.721 -1.9578e-05 1.721
3.4111e-09 0 5 5 0 1.3878 -1.5399e-05 1.3878
3.6333e-09 0 5 5 0 1.1068 -1.4563e-05 1.1068
3.8556e-09 0 5 5 0 0.8748 -1.0446e-05 0.8748
4.0778e-09 0 5 5 0 0.68657 -9.9709e-06 0.68657
4.3e-09 0 5 5 0 0.53586 -6.4707e-06 0.53586
4.5222e-09 0 5 5 0 0.41642 -6.5848e-06 0.41642

0 0 0 5 0 5 0 5
2.5e-11 0 0 5 0 5 4.0834e-18 5
1.25e-10 0 0 5 0 5 3.0259e-19 5
3.25e-10 0 0 5 0 5 7.4971e-19 5
5.25e-10 0 0 5 0 5 -3.0723e-19 5
7.25e-10 0 0 5 0 5 9.1234e-19 5
9.25e-10 0 0 5 0 5 3.1595e-20 5
1e-09 0 0 5 0 5 -2.1749e-18 5
1.2e-09 0 1 5 0 4.9912 -0.00024871 4.9912
1.3e-09 0 1.5 5 0 4.9695 -0.00026962 4.9695
1.5e-09 0 2.5 5 0 4.8861 -0.00027498 4.8861
1.7e-09 0 3.5 5 0 4.7154 -0.00028187 4.7154
1.9e-09 0 4.5 5 0 4.4389 -0.00010743 4.4389
2e-09 0 5 5 0 4.2604 -0.00023541 4.2604
2.1e-09 0 5 5 0 4.0687 -1.0826e-05 4.0687
2.3e-09 0 5 5 0 3.6866 -1.5157e-05 3.6866
2.5222e-09 0 5 5 0 3.2653 -1.6241e-05 3.2653
2.7444e-09 0 5 5 0 2.852 -1.9041e-05 2.852
2.9667e-09 0 5 5 0 2.4564 -1.7859e-05 2.4564
3.1889e-09 0 5 5 0 2.0885 -1.842e-05 2.0885
3.4111e-09 0 5 5 0 1.7551 -1.5654e-05 1.7551
3.6333e-09 0 5 5 0 1.4602 -1.5197e-05 1.4602
3.8556e-09 0 5 5 0 1.2044 -1.1985e-05 1.2044
4.0778e-09 0 5 5 0 0.98637 -1.1421e-05 0.98637
4.3e-09 0 5 5 0 0.80305 -8.4115e-06 0.80305
4.5222e-09 0 5 5 0 0.65067 -8.1468e-06 0.65067
4.7444e-09 0 5 5 0 0.52515 -5.5533e-06 0.52515
4.9667e-09 0 5 5 0 0.42253 -5.6679e-06 0.42253

0 0 0 5 0 5 0 5
2.5e-11 0 0 5 0 5 4.0292e-18 5
1.25e-10 0 0 5 0 5 2.4836e-19 5
3.25e-10 0 0 5 0 5 7.9046e-19 5
5.25e-10 0 0 5 0 5 -7.2743e-19 5
7.25e-10 0 0 5 0 5 1.6578e-18 5
9.25e-10 0 0 5 0 5 -8.3585e-19 5
1e-09 0 0 5 0 5 -1.6854e-19 5
1.2e-09 0 1 5 0 4.9921 -0.00024862 4.9921
1.3e-09 0 1.5 5 0 4.9729 -0.00026912 4.9729
1.5e-09 0 2.5 5 0 4.8987 -0.00027357 4.8987
1.7e-09 0 3.5 5 0 4.7475 -0.00028034 4.7475
1.9e-09 0 4.5 5 0 4.5039 -0.00011126 4.5039
2e-09 0 5 5 0 4.3467 -0.00022946 4.3467
2.1e-09 0 5 5 0 4.1779 -8.9428e-06 4.1779
2.3e-09 0 5 5 0 3.8411 -1.1965e-05 3.8411
2.5222e-09 0 5 5 0 3.469 -1.3747e-05 3.469
2.7444e-09 0 5 5 0 3.1006 -1.5649e-05 3.1006
2.9667e-09 0 5 5 0 2.7409 -1.6149e-05 2.7409
3.1889e-09 0 5 5 0 2.3973 -1.6374e-05 2.3973
3.4111e-09 0 5 5 0 2.0762 -1.5432e-05 2.0762
3.6333e-09 0 5 5 0 1.7821 -1.4613e-05 1.7821
3.8556e-09 0 5 5 0 1.5176 -1.2979e-05 1.5176
4.0778e-09 0 5 5 0 1.2836 -1.1804e-05 1.2836
4.3e-09 0 5 5 0 1.0793 -1.0051e-05 1.0793
4.5222e-09 0 5 5 0 0.90306 -8.9496e-06 0.90306
4.7444e-09 0 5 5 0 0.75246 -7.3716e-06 0.75246
4.9667e-09 0 5 5 0 0.62481 -6.5208e-06 0.62481
5.1889e-09 0 5 5 0 0.51733 -5.2094e-06 0.51733
5.4111e-09 0 5 5 0 0.42732 -4.6386e-06 0.42732

0 0 0 5 0 5 0 5
2.5e-11 0 0 5 0 5 3.5955e-18 5
1.25e-10 0 0 5 0 5 3.7033e-19 5
3.25e-10 0 0 5 0 5 4.7868e-19 5
5.25e-10 0 0 5 0 5 -4.0219e-19 5
7.25e-10 0 0 5 0 5 9.1243e-19 5
9.25e-10 0 0 5 0 5 -2.8031e-19 5
1e-09 0 0 5 0 5 -1.0357e-18 5
1.2e-09 0 1 5 0 4.9929 -0.00024854 4.9929
1.3e-09 0 1.5 5 0 4.9756 -0.00026872 4.9756
1.5e-09 0 2.5 5 0 4.9088 -0.00027245 4.9088
1.7e-09 0 3.5 5 0 4.773 -0.000279 4.773
1.9e-09 0 4.5 5 0 4.5553 -0.00011461 4.5553
2e-09 0 5 5 0 4.4149 -0.00022444 4.4149
2.1e-09 0 5 5 0 4.2641 -7.9052e-06 4.2641
2.3e-09 0 5 5 0 3.9631 -9.2419e-06 3.9631
2.5222e-09 0 5 5 0 3.6301 -1.2157e-05 3.6301
2.7444e-09 0 5 5 0 3.2992 -1.2631e-05 3.2992
2.9667e-09 0 5 5 0 2.9726 -1.4665e-05 2.9726
3.1889e-09 0 5 5 0 2.655 -1.41e-05 2.655
3.4111e-09 0 5 5 0 2.3516 -1.4904e-05 2.3516
3.6333e-09 0 5 5 0 2.0667 -1.3411e-05 2.0667
3.8556e-09 0 5 5 0 1.8036 -1.3447e-05 1.8036
4.0778e-09 0 5 5 0 1.564 -1.1504e-05 1.564
4.3e-09 0 5 5 0 1.3487 -1.1218e-05 1.3487
4.5222e-09 0 5 5 0 1.1574 -9.1984e-06 1.1574
4.7444e-09 0 5 5 0 0.98905 -8.885e-06 0.98905
4.9667e-09 0 5 5 0 0.84214 -7.0018e-06 0.84214
5.1889e-09 0 5 5 0 0.71486 -6.8053e-06 0.71486
5.4111e-09 0 5 5 0 0.60524 -5.142e-06 0.60524
5.6333e-09 0 5 5 0 0.51129 -5.106e-06 0.51129
5.8556e-09 0 5 5 0 0.43113 -3.6721e-06 0.43113

0 0 0 5 0 5 0 5
2.5e-11 0 0 5 0 5 3.5955e-18 5
1.25e-10 0 0 5 0 5 6.2783e-19 5
3.25e-10 0 0 5 0 5 1.2633e-19 5
5.25e-10 0 0 5 0 5 -6.3347e-20 5
7.25e-10 0 0 5 0 5 -9.1538e-21 5
9.25e-10 0 0 5 0 5 1.2242e-18 5
1e-09 0 0 5 0 5 -3.5301e-18 5
1.2e-09 0 1 5 0 4.9935 -0.00024847 4.9935
1.3e-09 0 1.5 5 0 4.9778 -0.00026839 4.9778
1.5e-09 0 2.5 5 0 4.917 -0.00027153 4.917
1.7e-09 0 3.5 5 0 4.7938 -0.00027782 4.7938
1.9e-09 0 4.5 5 0 4.597 -0.00011752 4.597
2e-09 0 5 5 0 4.4702 -0.00022019 4.4702
2.1e-09 0 5 5 0 4.334 -7.1728e-06 4.334
2.3e-09 0 5 5 0 4.0618 -7.3182e-06 4.0618
2.5222e-09 0 5 5 0 3.7606 -1.0737e-05 3.7606
2.7444e-09 0 5 5 0 3.4609 -1.043e-05 3.4609
2.9667e-09 0 5 5 0 3.1634 -1.3082e-05 3.1634
3.1889e-09 0 5 5 0 2.8708 -1.2219e-05 2.8708
3.4111e-09 0 5 5 0 2.5868 -1.3909e-05 2.5868
3.6333e-09 0 5 5 0 2.3154 -1.2262e-05 2.3154
3.8556e-09 0 5 5 0 2.0595 -1.3215e-05 2.0595
4.0778e-09 0 5 5 0 1.8214 -1.1099e-05 1.8214
4.3e-09 0 5 5 0 1.6025 -1.1636e-05 1.6025
4.5222e-09 0 5 5 0 1.4033 -9.3475e-06 1.4033
4.7444e-09 0 5 5 0 1.2239 -9.7254e-06 1.2239
4.9667e-09 0 5 5 0 1.0635 -7.471e-06 1.0635
5.1889e-09 0 5 5 0 0.92127 -7.8496e-06 0.92127
5.4111e-09 0 5 5 0 0.79588 -5.74e-06 0.79588
5.6333e-09 0 5 5 0 0.68593 -6.1952e-06 0.68593
5.8556e-09 0 5 5 0 0.58997 -4.2721e-06 0.58997
6.0778e-09 0 5 5 0 0.50655 -4.8262e-06 0.50655
6.3e-09 0 5 5 0 0.43428 -3.0913e-06 0.43428

0 0 0 5 0 5 0 5
2.5e-11 0 0 5 0 5 3.5413e-18 5
1.25e-10 0 0 5 0 5 2.4834e-19 5
3.25e-10 0 0 5 0 5 8.4469e-19 5
5.25e-10 0 0 5 0 5 -5.5128e-19 5
7.25e-10 0 0 5 0 5 2.1322e-18 5
9.25e-10 0 0 5 0 5 -7.6945e-20 5
1e-09 0 0 5 0 5 -1.7953e-18 5
1.2e-09 0 1 5 0 4.994 -0.00024841 4.994
1.3e-09 0 1.5 5 0 4.9796 -0.00026812 4.9796
1.5e-09 0 2.5 5 0 4.9239 -0.00027076 4.9239
1.7e-09 0 3.5 5 0 4.8111 -0.00027679 4.8111
1.9e-09 0 4.5 5 0 4.6316 -0.00012007 4.6316
2e-09 0 5 5 0 4.516 -0.00021654 4.516
2.1e-09 0 5 5 0 4.3918 -6.5696e-06 4.3918
2.3e-09 0 5 5 0 4.1435 -6.0892e-06 4.1435
2.5222e-09 0 5 5 0 3.8685 -9.3209e-06 3.8685
2.7444e-09 0 5 5 0 3.5947 -8.9382e-06 3.5947
2.9667e-09 0 5 5 0 3.3223 -1.1503e-05 3.3223
3.1889e-09 0 5 5 0 3.0526 -1.073e-05 3.0526
3.4111e-09 0 5 5 0 2.7879 -1.2672e-05 2.7879
3.6333e-09 0 5 5 0 2.5315 -1.1251e-05 2.5315
3.8556e-09 0 5 5 0 2.286 -1.2532e-05 2.286
4.0778e-09 0 5 5 0 2.0538 -1.0665e-05 2.0538
4.3e-09 0 5 5 0 1.8363 -1.1505e-05 1.8363
4.5222e-09 0 5 5 0 1.6348 -9.4137e-06 1.6348
4.7444e-09 0 5 5 0 1.4497 -1.0021e-05 1.4497
4.9667e-09 0 5 5 0 1.281 -7.885e-06 1.281
5.1889e-09 0 5 5 0 1.1284 -8.4119e-06 1.1284
5.4111e-09 0 5 5 0 0.99129 -6.3476e-06 0.99129
5.6333e-09 0 5 5 0 0.86869 -6.8843e-06 0.86869
5.8556e-09 0 5 5 0 0.75963 -4.9525e-06 0.75963
6.0778e-09 0 5 5 0 0.66302 -5.5417e-06 0.66302
6.3e-09 0 5 5 0 0.57776 -3.7638e-06 0.57776
6.5222e-09 0 5 5 0 0.50275 -4.4176e-06 0.50275
6.7444e-09 0 5 5 0 0.43694 -2.7923e-06 0.43694

0 0 0 5 0 5 0 5
2.5e-11 0 0 5 0 5 3.5955e-18 5
1.25e-10 0 0 5 0 5 6.2783e-19 5
3.25e-10 0 0 5 0 5 4.6514e-19 5
5.25e-10 0 0 5 0 5 9.9403e-20 5
7.25e-10 0 0 5 0 5 6.8195e-19 5
9.25e-10 0 0 5 0 5 -1.4457e-19 5
1e-09 0 0 5 0 5 4.7696e-20 5
1.2e-09 0 1 5 0 4.9945 -0.00024837 4.9945
1.3e-09 0 1.5 5 0 4.9812 -0.00026789 4.9812
1.5e-09 0 2.5 5 0 4.9297 -0.00027011 4.9297
1.7e-09 0 3.5 5 0 4.8258 -0.0002759 4.8258
1.9e-09 0 4.5 5 0 4.6606 -0.00012229 4.6606
2e-09 0 5 5 0 4.5544 -0.00021341 4.5544
2.1e-09 0 5 5 0 4.4402 -6.0642e-06 4.4402
2.3e-09 0 5 5 0 4.212 -5.3298e-06 4.212
2.5222e-09 0 5 5 0 3.9591 -7.956e-06 3.9591
2.7444e-09 0 5 5 0 3.7071 -7.9366e-06 3.7071
2.9667e-09 0 5 5 0 3.4562 -9.9962e-06 3.4562
3.1889e-09 0 5 5 0 3.2068 -9.6108e-06 3.2068
3.4111e-09 0 5 5 0 2.9603 -1.1306e-05 2.9603
3.6333e-09 0 5 5 0 2.7192 -1.0429e-05 2.7192
3.8556e-09 0 5 5 0 2.4856 -1.1556e-05 2.4856
4.0778e-09 0 5 5 0 2.2616 -1.0269e-05 2.2616
4.3e-09 0 5 5 0 2.049 -1.0976e-05 2.049
4.5222e-09 0 5 5 0 1.8489 -9.4386e-06 1.8489
4.7444e-09 0 5 5 0 1.6623 -9.8862e-06 1.6623
4.9667e-09 0 5 5 0 1.4894 -8.2444e-06 1.4894
5.1889e-09 0 5 5 0 1.3305 -8.5651e-06 1.3305
5.4111e-09 0 5 5 0 1.1853 -6.9289e-06 1.1853
5.6333e-09 0 5 5 0 1.0534 -7.2145e-06 1.0534
5.8556e-09 0 5 5 0 0.9341 -5.6526e-06 0.9341
6.0778e-09 0 5 5 0 0.82672 -5.9566e-06 0.82672
6.3e-09 0 5 5 0 0.73043 -4.5035e-06 0.73043
6.5222e-09 0 5 5 0 0.64438 -4.8508e-06 0.64438
6.7444e-09 0 5 5 0 0.56771 -3.5181e-06 0.56771
6.9667e-09 0 5 5 0 0.49958 -3.9154e-06 0.49958

0 0 0 5 0 5 0 5
2.5e-11 0 0 5 0 5 4.0292e-18 5
1.25e-10 0 0 5 0 5 4.5068e-20 5
3.25e-10 0 0 5 0 5 6.2776e-19 5
5.25e-10 0 0 5 0 5 -4.5635e-19 5
7.25e-10 0 0 5 0 5 4.5158e-19 5
9.25e-10 0 0 5 0 5 7.2178e-20 5
1e-09 0 0 5 0 5 -1.4701e-18 5
1.2e-09 0 1 5 0 4.9949 -0.00024833 4.9949
1.3e-09 0 1.5 5 0 4.9825 -0.00026769 4.9825
1.5e-09 0 2.5 5 0 4.9347 -0.00026955 4.9347
1.7e-09 0 3.5 5 0 4.8383 -0.0002751 4.8383
1.9e-09 0 4.5 5 0 4.6854 -0.00012424 4.6854
2e-09 0 5 5 0 4.5871 -0.00021068 4.5871
2.1e-09 0 5 5 0 4.4815 -5.6346e-06 4.4815
2.3e-09 0 5 5 0 4.2703 -4.8737e-06 4.2703
2.5222e-09 0 5 5 0 4.0362 -6.6954e-06 4.0362
2.7444e-09 0 5 5 0 3.8028 -7.2454e-06 3.8028
2.9667e-09 0 5 5 0 3.5703 -8.6022e-06 3.5703
3.1889e-09 0 5 5 0 3.3389 -8.8149e-06 3.3389
3.4111e-09 0 5 5 0 3.1092 -9.887e-06 3.1092
3.6333e-09 0 5 5 0 2.8826 -9.8032e-06 2.8826
3.8556e-09 0 5 5 0 2.6613 -1.0406e-05 2.6613
4.0778e-09 0 5 5 0 2.4469 -9.946e-06 2.4469
4.3e-09 0 5 5 0 2.2411 -1.0177e-05 2.2411
4.5222e-09 0 5 5 0 2.0451 -9.4528e-06 2.0451
4.7444e-09 0 5 5 0 1.8598 -9.4312e-06 1.8598
4.9667e-09 0 5 5 0 1.686 -8.5573e-06 1.686
5.1889e-09 0 5 5 0 1.5239 -8.3927e-06 1.5239
5.4111e-09 0 5 5 0 1.3739 -7.466e-06 1.3739
5.6333e-09 0 5 5 0 1.2356 -7.2435e-06 1.2356
5.8556e-09 0 5 5 0 1.1088 -6.3328e-06 1.1088
6.0778e-09 0 5 5 0 0.99304 -6.1091e-06 0.99304
6.3e-09 0 5 5 0 0.88784 -5.2563e-06 0.88784
6.5222e-09 0 5 5 0 0.79253 -5.0637e-06 0.79253
6.7444e-09 0 5 5 0 0.70646 -4.2899e-06 0.70646
6.9667e-09 0 5 5 0 0.62896 -4.1433e-06 0.62896
7.1889e-09 0 5 5 0 0.55933 -3.4551e-06 0.55933
7.4111e-09 0 5 5 0 0.49693 -3.3578e-06 0.49693

0 0 0 5 0 5 0 5
2.5e-11 0 0 5 0 5 3.5413e-18 5
1.25e-10 0 0 5 0 5 2.4834e-19 5
3.25e-10 0 0 5 0 5 9.1245e-19 5
5.25e-10 0 0 5 0 5 -4.971e-19 5
7.25e-10 0 0 5 0 5 1.3461e-18 5
9.25e-10 0 0 5 0 5 -7.1395e-19 5
1e-09 0 0 5 0 5 6.99e-19 5
1.2e-09 0 1 5 0 4.9952 -0.00024829 4.9952
1.3e-09 0 1.5 5 0 4.9836 -0.00026752 4.9836
1.5e-09 0 2.5 5 0 4.9391 -0.00026906 4.9391
1.7e-09 0 3.5 5 0 4.8491 -0.0002744 4.8491
1.9e-09 0 4.5 5 0 4.7068 -0.00012596 4.7068
2e-09 0 5 5 0 4.6154 -0.00020829 4.6154
2.1e-09 0 5 5 0 4.5171 -5.265e-06 4.5171
2.3e-09 0 5 5 0 4.3206 -4.5095e-06 4.3206
2.5222e-09 0 5 5 0 4.1027 -5.7614e-06 4.1027
2.7444e-09 0 5 5 0 3.8854 -6.5532e-06 3.8854
2.9667e-09 0 5 5 0 3.6688 -7.5404e-06 3.6688
3.1889e-09 0 5 5 0 3.4531 -8.0337e-06 3.4531
3.4111e-09 0 5 5 0 3.2384 -8.7493e-06 3.2384
3.6333e-09 0 5 5 0 3.0257 -9.0764e-06 3.0257
3.8556e-09 0 5 5 0 2.8163 -9.4406e-06 2.8163
4.0778e-09 0 5 5 0 2.612 -9.4352e-06 2.612
4.3e-09 0 5 5 0 2.414 -9.4731e-06 2.414
4.5222e-09 0 5 5 0 2.2236 -9.2114e-06 2.2236
4.7444e-09 0 5 5 0 2.0417 -9.0091e-06 2.0417
4.9667e-09 0 5 5 0 1.8692 -8.5787e-06 1.8692
5.1889e-09 0 5 5 0 1.7066 -8.2239e-06 1.7066
5.4111e-09 0 5 5 0 1.5542 -7.7059e-06 1.5542
5.6333e-09 0 5 5 0 1.412 -7.2733e-06 1.412
5.8556e-09 0 5 5 0 1.2802 -6.7317e-06 1.2802
6.0778e-09 0 5 5 0 1.1584 -6.2766e-06 1.1584
6.3e-09 0 5 5 0 1.0463 -5.7555e-06 1.0463
6.5222e-09 0 5 5 0 0.94356 -5.3139e-06 0.94356
6.7444e-09 0 5 5 0 0.84969 -4.8398e-06 0.84969
6.9667e-09 0 5 5 0 0.76417 -4.4321e-06 0.76417
7.1889e-09 0 5 5 0 0.68645 -4.0182e-06 0.68645
7.4111e-09 0 5 5 0 0.61598 -3.6532e-06 0.61598
7.6333e-09 0 5 5 0 0.55224 -3.3036e-06 0.55224
7.8556e-09 0 5 5 0 0.49467 -2.9831e-06 0.49467

0 0 0 5 0 5 0 5
2.5e-11 0 0 5 0 5 3.5955e-18 5
1.25e-10 0 0 5 0 5 2.6191e-19 5
3.25e-10 0 0 5 0 5 8.446e-19 5
5.25e-10 0 0 5 0 5 -4.157e-19 5
7.25e-10 0 0 5 0 5 7.9037e-19 5
9.25e-10 0 0 5 0 5 -6.8672e-19 5
1e-09 0 0 5 0 5 6.9882e-19 5
1.2e-09 0 1 5 0 4.9955 -0.00024826 4.9955
1.3e-09 0 1.5 5 0 4.9847 -0.00026737 4.9847
1.5e-09 0 2.5 5 0 4.9429 -0.00026863 4.9429
1.7e-09 0 3.5 5 0 4.8586 -0.00027378 4.8586
1.9e-09 0 4.5 5 0 4.7255 -0.00012749 4.7255
2e-09 0 5 5 0 4.64 -0.00020618 4.64
2.1e-09 0 5 5 0 4.5481 -4.9435e-06 4.5481
2.3e-09 0 5 5 0 4.3644 -4.193e-06 4.3644
2.5222e-09 0 5 5 0 4.1606 -5.1129e-06 4.1606
2.7444e-09 0 5 5 0 3.9573 -5.8329e-06 3.9573
2.9667e-09 0 5 5 0 3.7546 -6.7712e-06 3.7546
3.1889e-09 0 5 5 0 3.5526 -7.2304e-06 3.5526
3.4111e-09 0 5 5 0 3.3514 -7.9189e-06 3.3514
3.6333e-09 0 5 5 0 3.1514 -8.231e-06 3.1514
3.8556e-09 0 5 5 0 2.9536 -8.7108e-06 2.9536
4.0778e-09 0 5 5 0 2.7592 -8.743e-06 2.7592
4.3e-09 0 5 5 0 2.5695 -8.9299e-06 2.5695
4.5222e-09 0 5 5 0 2.3856 -8.7321e-06 2.3856
4.7444e-09 0 5 5 0 2.2085 -8.6882e-06 2.2085
4.9667e-09 0 5 5 0 2.0389 -8.3252e-06 2.0389
5.1889e-09 0 5 5 0 1.8775 -8.1193e-06 1.8775
5.4111e-09 0 5 5 0 1.7247 -7.6566e-06 1.7247
5.6333e-09 0 5 5 0 1.5808 -7.3522e-06 1.5808
5.8556e-09 0 5 5 0 1.4459 -6.846e-06 1.4459
6.0778e-09 0 5 5 0 1.32 -6.4943e-06 1.32
6.3e-09 0 5 5 0 1.203 -5.9873e-06 1.203
6.5222e-09 0 5 5 0 1.0946 -5.6253e-06 1.0946
6.7444e-09 0 5 5 0 0.99449 -5.1462e-06 0.99449
6.9667e-09 0 5 5 0 0.90234 -4.7975e-06 0.90234
7.1889e-09 0 5 5 0 0.81775 -4.3632e-06 0.81775
7.4111e-09 0 5 5 0 0.74028 -4.0413e-06 0.74028
7.6333e-09 0 5 5 0 0.66949 -3.6601e-06 0.66949
7.8556e-09 0 5 5 0 0.60493 -3.3709e-06 0.60493
8.0778e-09 0 5 5 0 0.54616 -3.0448e-06 0.54616
8.3e-09 0 5 5 0 0.49273 -2.7893e-06 0.49273

0 0 0 5 0 5 0 5
2.5e-11 0 0 5 0 5 1.8066e-18 5
1.25e-10 0 0 5 0 5 4.5163e-19 5
3.25e-10 0 0 5 0 5 -3.073e-19 5
5.25e-10 0 0 5 0 5 9.9374e-19 5
7.25e-10 0 0 5 0 5 -9.0458e-20 5
9.25e-10 0 0 5 0 5 6.6848e-19 5
1e-09 0 0 5 0 5 2.6466e-19 5
1.2e-09 0 1 5 0 4.9958 -0.00024823 4.9958
1.3e-09 0 1.5 5 0 4.9856 -0.00026724 4.9856
1.5e-09 0 2.5 5 0 4.9462 -0.00026826 4.9462
1.7e-09 0 3.5 5 0 4.8669 -0.00027322 4.8669
1.9e-09 0 4.5 5 0 4.7419 -0.00012886 4.7419
2e-09 0 5 5 0 4.6617 -0.00020429 4.6617
2.1e-09 0 5 5 0 4.5754 -4.6614e-06 4.5754
2.3e-09 0 5 5 0 4.4029 -3.9154e-06 4.4029
2.5222e-09 0 5 5 0 4.2115 -4.6769e-06 4.2115
2.7444e-09 0 5 5 0 4.0206 -5.1065e-06 4.0206
2.9667e-09 0 5 5 0 3.8301 -6.2223e-06 3.8301
3.1889e-09 0 5 5 0 3.6402 -6.4268e-06 3.6402
3.4111e-09 0 5 5 0 3.4509 -7.3137e-06 3.4509
3.6333e-09 0 5 5 0 3.2625 -7.3721e-06 3.2625
3.8556e-09 0 5 5 0 3.0754 -8.1252e-06 3.0754
4.0778e-09 0 5 5 0 2.8907 -7.9879e-06 2.8907
4.3e-09 0 5 5 0 2.7094 -8.4762e-06 2.7094
4.5222e-09 0 5 5 0 2.5325 -8.1402e-06 2.5325
4.7444e-09 0 5 5 0 2.3609 -8.4079e-06 2.3609
4.9667e-09 0 5 5 0 2.1953 -7.9209e-06 2.1953
5.1889e-09 0 5 5 0 2.0365 -8.0207e-06 2.0365
5.4111e-09 0 5 5 0 1.8848 -7.4342e-06 1.8848
5.6333e-09 0 5 5 0 1.7408 -7.4187e-06 1.7408
5.8556e-09 0 5 5 0 1.6045 -6.7806e-06 1.6045
6.0778e-09 0 5 5 0 1.4762 -6.6956e-06 1.4762
6.3e-09 0 5 5 0 1.3559 -6.0449e-06 1.3559
6.5222e-09 0 5 5 0 1.2433 -5.9258e-06 1.2433
6.7444e-09 0 5 5 0 1.1385 -5.2912e-06 1.1385
6.9667e-09 0 5 5 0 1.0411 -5.1635e-06 1.0411
7.1889e-09 0 5 5 0 0.95087 -4.5638e-06 0.95087
7.4111e-09 0 5 5 0 0.8675 -4.4438e-06 0.8675
7.6333e-09 0 5 5 0 0.79063 -3.89e-06 0.79063
7.8556e-09 0 5 5 0 0.7199 -3.7869e-06 0.7199
8.0778e-09 0 5 5 0 0.65495 -3.284e-06 0.65495
8.3e-09 0 5 5 0 0.5954 -3.2019e-06 0.5954
8.5222e-09 0 5 5 0 0.54088 -2.7507e-06 0.54088
8.7444e-09 0 5 5 0 0.49105 -2.6905e-06 0.49105

0 0 0 5 0 5 0 5
2.5e-11 0 0 5 0 5 1.8066e-18 5
1.25e-10 0 0 5 0 5 -2.2599e-19 5
3.25e-10 0 0 5 0 5 1.1699e-18 5
5.25e-10 0 0 5 0 5 -9.0353e-19 5
7.25e-10 0 0 5 0 5 1.2376e-18 5
9.25e-10 0 0 5 0 5 -7.1382e-19 5
1e-09 0 0 5 0 5 -6.0905e-20 5
1.2e-09 0 1 5 0 4.996 -0.00024821 4.996
1.3e-09 0 1.5 5 0 4.9864 -0.00026712 4.9864
1.5e-09 0 2.5 5 0 4.9492 -0.00026792 4.9492
1.7e-09 0 3.5 5 0 4.8743 -0.00027272 4.8743
1.9e-09 0 4.5 5 0 4.7564 -0.0001301 4.7564
2e-09 0 5 5 0 4.6809 -0.00020261 4.6809
2.1e-09 0 5 5 0 4.5995 -4.4119e-06 4.5995
2.3e-09 0 5 5 0 4.437 -3.6699e-06 4.437
2.5222e-09 0 5 5 0 4.2566 -4.3972e-06 4.2566
2.7444e-09 0 5 5 0 4.0766 -4.3938e-06 4.0766
2.9667e-09 0 5 5 0 3.8969 -5.8352e-06 3.8969
3.1889e-09 0 5 5 0 3.7178 -5.6425e-06 3.7178
3.4111e-09 0 5 5 0 3.5392 -6.87e-06 3.5392
3.6333e-09 0 5 5 0 3.3612 -6.5512e-06 3.3612
3.8556e-09 0 5 5 0 3.1842 -7.636e-06 3.1842
4.0778e-09 0 5 5 0 3.0086 -7.2306e-06 3.0086
4.3e-09 0 5 5 0 2.8355 -8.0784e-06 2.8355
4.5222e-09 0 5 5 0 2.6657 -7.5052e-06 2.6657
4.7444e-09 0 5 5 0 2.5 -8.1439e-06 2.5
4.9667e-09 0 5 5 0 2.3391 -7.4378e-06 2.3391
5.1889e-09 0 5 5 0 2.1838 -7.9071e-06 2.1838
5.4111e-09 0 5 5 0 2.0344 -7.1085e-06 2.0344
5.6333e-09 0 5 5 0 1.8914 -7.4506e-06 1.8914
5.8556e-09 0 5 5 0 1.7551 -6.5992e-06 1.7551
6.0778e-09 0 5 5 0 1.6258 -6.8538e-06 1.6258
6.3e-09 0 5 5 0 1.5035 -5.9842e-06 1.5035
6.5222e-09 0 5 5 0 1.3882 -6.1842e-06 1.3882
6.7444e-09 0 5 5 0 1.2799 -5.3236e-06 1.2799
6.9667e-09 0 5 5 0 1.1786 -5.4944e-06 1.1786
7.1889e-09 0 5 5 0 1.0839 -4.6622e-06 1.0839
7.4111e-09 0 5 5 0 0.99569 -4.8215e-06 0.99569
7.6333e-09 0 5 5 0 0.91372 -4.0303e-06 0.91372
7.8556e-09 0 5 5 0 0.8377 -4.1897e-06 0.8377
8.0778e-09 0 5 5 0 0.76734 -3.4465e-06 0.76734
8.3e-09 0 5 5 0 0.70232 -3.6127e-06 0.70232
8.5222e-09 0 5 5 0 0.64234 -2.9204e-06 0.64234
8.7444e-09 0 5 5 0 0.5871 -3.0966e-06 0.5871
8.9667e-09 0 5 5 0 0.53627 -2.4552e-06 0.53627
9.1889e-09 0 5 5 0 0.48958 -2.6422e-06 0.48958

0 0 0 5 0 5 0 5
2.5e-11 0 0 5 0 5 3.5955e-18 5
1.25e-10 0 0 5 0 5 2.6191e-19 5
3.25e-10 0 0 5 0 5 9.5302e-19 5
5.25e-10 0 0 5 0 5 -3.0728e-19 5
7.25e-10 0 0 5 0 5 6.955e-19 5
9.25e-10 0 0 5 0 5 -4.5634e-19 5
1e-09 0 0 5 0 5 -6.0319e-19 5
1.2e-09 0 1 5 0 4.9962 -0.00024819 4.9962
1.3e-09 0 1.5 5 0 4.9871 -0.00026701 4.9871
1.5e-09 0 2.5 5 0 4.9519 -0.00026762 4.9519
1.7e-09 0 3.5 5 0 4.8809 -0.00027227 4.8809
1.9e-09 0 4.5 5 0 4.7694 -0.00013121 4.7694
2e-09 0 5 5 0 4.698 -0.0002011 4.698
2.1e-09 0 5 5 0 4.6211 -4.1896e-06 4.6211
2.3e-09 0 5 5 0 4.4674 -3.4513e-06 4.4674
2.5222e-09 0 5 5 0 4.2968 -4.1751e-06 4.2968
2.7444e-09 0 5 5 0 4.1265 -3.8228e-06 4.1265
2.9667e-09 0 5 5 0 3.9565 -5.4523e-06 3.9565
3.1889e-09 0 5 5 0 3.787 -5.0033e-06 3.787
3.4111e-09 0 5 5 0 3.6179 -6.434e-06 3.6179
3.6333e-09 0 5 5 0 3.4494 -5.8776e-06 3.4494
3.8556e-09 0 5 5 0 3.2815 -7.1554e-06 3.2815
4.0778e-09 0 5 5 0 3.1146 -6.563e-06 3.1146
4.3e-09 0 5 5 0 2.9494 -7.6595e-06 2.9494
4.5222e-09 0 5 5 0 2.7866 -6.9268e-06 2.7866
4.7444e-09 0 5 5 0 2.627 -7.8273e-06 2.627
4.9667e-09 0 5 5 0 2.4712 -6.9796e-06 2.4712
5.1889e-09 0 5 5 0 2.3199 -7.7139e-06 2.3199
5.4111e-09 0 5 5 0 2.1735 -6.7824e-06 2.1735
5.6333e-09 0 5 5 0 2.0325 -7.3841e-06 2.0325
5.8556e-09 0 5 5 0 1.8972 -6.4012e-06 1.8972
6.0778e-09 0 5 5 0 1.7679 -6.9038e-06 1.7679
6.3e-09 0 5 5 0 1.6448 -5.8992e-06 1.6448
6.5222e-09 0 5 5 0 1.528 -6.3324e-06 1.528
6.7444e-09 0 5 5 0 1.4175 -5.331e-06 1.4175
6.9667e-09 0 5 5 0 1.3133 -5.7189e-06 1.3133
7.1889e-09 0 5 5 0 1.2152 -4.7397e-06 1.2152
7.4111e-09 0 5 5 0 1.1232 -5.1007e-06 1.1232
7.6333e-09 0 5 5 0 1.0371 -4.157e-06 1.0371
7.8556e-09 0 5 5 0 0.95667 -4.504e-06 0.95667
8.0778e-09 0 5 5 0 0.88169 -3.6042e-06 0.88169
8.3e-09 0 5 5 0 0.81192 -3.9457e-06 0.81192
8.5222e-09 0 5 5 0 0.7471 -3.0942e-06 0.7471
8.7444e-09 0 5 5 0 0.68698 -3.4352e-06 0.68698
8.9667e-09 0 5 5 0 0.6313 -2.6335e-06 0.6313
9.1889e-09 0 5 5 0 0.57979 -2.9766e-06 0.57979
9.4111e-09 0 5 5 0 0.53219 -2.2242e-06 0.53219
9.6333e-09 0 5 5 0 0.48826 -2.5702e-06 0.48826

0 0 0 5 0 5 0 5
2.5e-11 0 0 5 0 5 3.5413e-18 5
1.25e-10 0 0 5 0 5 -4.0218e-19 5
3.25e-10 0 0 5 0 5 2.1051e-18 5
5.25e-10 0 0 5 0 5 -1.6897e-18 5
7.25e-10 0 0 5 0 5 2.3219e-18 5
9.25e-10 0 0 5 0 5 -1.7981e-18 5
1e-09 0 0 5 0 5 1.5664e-18 5
1.2e-09 0 1 5 0 4.9964 -0.00024817 4.9964
1.3e-09 0 1.5 5 0 4.9877 -0.00026692 4.9877
1.5e-09 0 2.5 5 0 4.9543 -0.00026735 4.9543
1.7e-09 0 3.5 5 0 4.8869 -0.00027185 4.8869
1.9e-09 0 4.5 5 0 4.7811 -0.00013222 4.7811
2e-09 0 5 5 0 4.7133 -0.00019972 4.7133
2.1e-09 0 5 5 0 4.6404 -3.9903e-06 4.6404
2.3e-09 0 5 5 0 4.4946 -3.2553e-06 4.4946
2.5222e-09 0 5 5 0 4.3329 -3.9759e-06 4.3329
2.7444e-09 0 5 5 0 4.1713 -3.4097e-06 4.1713
2.9667e-09 0 5 5 0 4.0101 -5.033e-06 4.0101
3.1889e-09 0 5 5 0 3.8492 -4.525e-06 3.8492
3.4111e-09 0 5 5 0 3.6887 -5.9658e-06 3.6887
3.6333e-09 0 5 5 0 3.5286 -5.3633e-06 3.5286
3.8556e-09 0 5 5 0 3.3691 -6.6596e-06 3.3691
4.0778e-09 0 5 5 0 3.2103 -6.0108e-06 3.2103
4.3e-09 0 5 5 0 3.0526 -7.1997e-06 3.0526
4.5222e-09 0 5 5 0 2.8966 -6.4374e-06 2.8966
4.7444e-09 0 5 5 0 2.7431 -7.4453e-06 2.7431
4.9667e-09 0 5 5 0 2.5925 -6.5835e-06 2.5925
5.1889e-09 0 5 5 0 2.4456 -7.4327e-06 2.4456
5.4111e-09 0 5 5 0 2.3027 -6.495e-06 2.3027
5.6333e-09 0 5 5 0 2.1643 -7.2121e-06 2.1643
5.8556e-09 0 5 5 0 2.0308 -6.2244e-06 2.0308
6.0778e-09 0 5 5 0 1.9025 -6.8374e-06 1.9025
6.3e-09 0 5 5 0 1.7795 -5.8249e-06 1.7795
6.5222e-09 0 5 5 0 1.6621 -6.3599e-06 1.6621
6.7444e-09 0 5 5 0 1.5503 -5.3446e-06 1.5503
6.9667e-09 0 5 5 0 1.4442 -5.8239e-06 1.4442
7.1889e-09 0 5 5 0 1.3438 -4.8238e-06 1.3438
7.4111e-09 0 5 5 0 1.2489 -5.2655e-06 1.2489
7.6333e-09 0 5 5 0 1.1595 -4.2939e-06 1.1595
7.8556e-09 0 5 5 0 1.0755 -4.7115e-06 1.0755
8.0778e-09 0 5 5 0 0.99669 -3.7775e-06 0.99669
8.3e-09 0 5 5 0 0.92287 -4.1807e-06 0.92287
8.5222e-09 0 5 5 0 0.85386 -3.2899e-06 0.85386
8.7444e-09 0 5 5 0 0.78944 -3.685e-06 0.78944
8.9667e-09 0 5 5 0 0.7294 -2.8401e-06 0.7294
9.1889e-09 0 5 5 0 0.67352 -3.2311e-06 0.67352
9.4111e-09 0 5 5 0 0.62157 -2.4328e-06 0.62157
9.6333e-09 0 5 5 0 0.57333 -2.8217e-06 0.57333
9.8556e-09 0 5 5 0 0.52858 -2.0692e-06 0.52858
1.0078e-08 0 5 5 0 0.48711 -2.4568e-06 0.48711

0 0 0 5 0 5 0 5
2.5e-11 0 0 5 0 5 1.8066e-18 5
1.25e-10 0 0 5 0 5 6.8203e-19 5
3.25e-10 0 0 5 0 5 5.8719e-19 5
5.25e-10 0 0 5 0 5 -3.8868e-19 5
7.25e-10 0 0 5 0 5 1.0209e-18 5
9.25e-10 0 0 5 0 5 -8.2237e-19 5
1e-09 0 0 5 0 5 1.5664e-18 5
1.2e-09 0 1 5 0 4.9966 -0.00024815 4.9966
1.3e-09 0 1.5 5 0 4.9883 -0.00026683 4.9883
1.5e-09 0 2.5 5 0 4.9564 -0.00026711 4.9564
1.7e-09 0 3.5 5 0 4.8923 -0.00027148 4.8923
1.9e-09 0 4.5 5 0 4.7917 -0.00013315 4.7917
2e-09 0 5 5 0 4.7272 -0.00019847 4.7272
2.1e-09 0 5 5 0 4.6579 -3.8106e-06 4.6579
2.3e-09 0 5 5 0 4.5193 -3.0787e-06 4.5193
2.5222e-09 0 5 5 0 4.3654 -3.7963e-06 4.3654
2.7444e-09 0 5 5 0 4.2118 -3.1211e-06 4.2118
2.9667e-09 0 5 5 0 4.0584 -4.591e-06 4.0584
3.1889e-09 0 5 5 0 3.9053 -4.1746e-06 3.9053
3.4111e-09 0 5 5 0 3.7525 -5.4787e-06 3.7525
3.6333e-09 0 5 5 0 3.6002 -4.9764e-06 3.6002
3.8556e-09 0 5 5 0 3.4483 -6.1485e-06 3.4483
4.0778e-09 0 5 5 0 3.2969 -5.5909e-06 3.2969
4.3e-09 0 5 5 0 3.1462 -6.6843e-06 3.1462
4.5222e-09 0 5 5 0 2.9969 -6.0582e-06 2.9969
4.7444e-09 0 5 5 0 2.8493 -6.9898e-06 2.8493
4.9667e-09 0 5 5 0 2.704 -6.2738e-06 2.704
5.1889e-09 0 5 5 0 2.5617 -7.06e-06 2.5617
5.4111e-09 0 5 5 0 2.4226 -6.2721e-06 2.4226
5.6333e-09 0 5 5 0 2.2873 -6.9338e-06 2.2873
5.8556e-09 0 5 5 0 2.1561 -6.0944e-06 2.1561
6.0778e-09 0 5 5 0 2.0294 -6.6545e-06 2.0294
6.3e-09 0 5 5 0 1.9073 -5.7847e-06 1.9073
6.5222e-09 0 5 5 0 1.79 -6.2656e-06 1.79
6.7444e-09 0 5 5 0 1.6778 -5.3849e-06 1.6778
6.9667e-09 0 5 5 0 1.5707 -5.8067e-06 1.5707
7.1889e-09 0 5 5 0 1.4686 -4.9315e-06 1.4686
7.4111e-09 0 5 5 0 1.3717 -5.3113e-06 1.3717
7.6333e-09 0 5 5 0 1.2799 -4.4546e-06 1.2799
7.8556e-09 0 5 5 0 1.1931 -4.8058e-06 1.1931
8.0778e-09 0 5 5 0 1.1112 -3.9771e-06 1.1112
8.3e-09 0 5 5 0 1.034 -4.3098e-06 1.034
8.5222e-09 0 5 5 0 0.96142 -3.5157e-06 0.96142
8.7444e-09 0 5 5 0 0.89329 -3.837e-06 0.89329
8.9667e-09 0 5 5 0 0.82943 -3.0812e-06 0.82943
9.1889e-09 0 5 5 0 0.76966 -3.3959e-06 0.76966
9.4111e-09 0 5 5 0 0.71378 -2.6803e-06 0.71378
9.6333e-09 0 5 5 0 0.6616 -2.9913e-06 0.6616
9.8556e-09 0 5 5 0 0.61292 -2.3161e-06 0.61292
1.0078e-08 0 5 5 0 0.56757 -2.6251e-06 0.56757
1.03e-08 0 5 5 0 0.52534 -1.9896e-06 0.52534
1.0522e-08 0 5 5 0 0.48607 -2.2972e-06 0.48607
